joint_type: "ankle"
h0: [0, 0, 0]

ra01: [0, 0, 0.30123]
ra02: [0, 0, 0.23816]

rb01: [-0.05055, 0.027675, 0.305]
rb02: [-0.05055, -0.027675, 0.243]

rc01: [-0.05055, 0.027675, 0.0087]
rc02: [-0.05055, -0.027675, 0.0087]

m01: 0
m02: 0

pitch_range: [-0.87267, 0.5236]
roll_range: [-0.2618, 0.2618]
