joint_type: "waist"
h0: [0, 0, 0]

ra01: [0, 0.0618, 0.075]
ra02: [0, -0.0618, 0.075]

rb01: [-0.08, 0.0651, 0.07482]
rb02: [-0.08, -0.0651, 0.07482]

rc01: [-0.07493, 0.0651, 0.00329]
rc02: [-0.07493, -0.0651, 0.00329]

m01: 0
m02: 0
motor_direction: [1, -1]

pitch_range: [-0.4, 0.4]
roll_range: [-0.3, 0.3]
